1024 2 3.2004 3.5253 0.6972 0.7677
1024 2 3.1977 3.5181 0.6924 0.7672
1024 2 3.2034 3.5200 0.6939 0.7677
2048 2 15.4788 16.8270 2.8291 2.8665
2048 2 15.8865 17.2206 2.8310 3.2737
2048 2 15.5917 16.9412 2.8368 2.9419
4096 2 83.3447 89.4074 11.3970 11.8589
4096 2 83.8109 89.8844 11.4001 12.3035
4096 2 84.3451 90.4052 11.3966 12.7563
8192 2 581.2698 606.1340 47.0904 48.2692
8192 2 555.7657 580.7582 48.3287 48.2730
8192 2 556.2849 581.1136 47.0949 48.2659
1024 4 2.9807 3.2996 0.6770 0.9122
1024 4 2.8697 3.1971 0.6663 0.7999
1024 4 2.9725 3.2971 0.6684 0.8996
2048 4 12.1422 13.4721 2.8181 3.0466
2048 4 12.8715 14.2206 2.8160 3.7868
2048 4 12.8796 14.2392 2.8024 3.7860
4096 4 58.6519 64.7058 11.3670 12.0152
4096 4 59.4583 65.4999 11.3791 12.6214
4096 4 59.1590 65.2137 11.3864 12.5719
8192 4 373.8609 398.6838 47.0669 48.7498
8192 4 374.1720 399.0242 47.0682 48.2889
8192 4 327.2649 352.0854 47.0839 48.2762
1024 8 3.1250 3.4492 0.6634 1.1170
1024 8 2.8465 3.1680 0.6538 0.8431
1024 8 3.2970 3.6194 0.6635 1.2917
2048 8 11.3861 12.7335 2.7775 3.6432
2048 8 10.8634 12.2203 2.7860 3.1188
2048 8 11.5318 12.8829 2.7720 3.7857
4096 8 47.4761 53.5377 11.3192 12.3258
4096 8 46.6133 52.6653 11.3508 11.4432
4096 8 48.6790 54.7311 11.3285 13.5099
8192 8 287.3921 312.3010 47.1738 48.3181
8192 8 262.7277 287.5580 47.1251 48.3204
8192 8 266.2975 291.1089 47.1032 48.3198
1024 16 3.7160 4.0350 0.6115 1.7805
1024 16 3.5041 3.8283 0.5733 1.5674
1024 16 3.5093 3.8290 0.6157 1.5695
2048 16 11.0678 12.3962 2.7208 3.9541
2048 16 10.4153 11.7877 2.7579 3.3030
2048 16 10.5367 11.8946 2.7175 3.4010
4096 16 41.9703 48.0284 11.2829 11.8044
4096 16 42.9041 48.9643 11.3419 12.1942
4096 16 42.1565 48.1960 11.3482 11.6817
8192 16 218.6279 243.4677 47.1590 48.4445
8192 16 230.7789 255.6037 47.1592 62.7193
8192 16 215.4156 240.2137 47.1606 48.4083
1024 1 1.3271 1.6082 0 0
1024 1 1.3192 1.6004 0 0
1024 1 1.3185 1.5969 0 0
2048 1 10.3736 11.4733 0 0
2048 1 10.4493 11.5465 0 0
2048 1 10.4689 11.5701 0 0
4096 1 82.9441 87.3108 0 0
4096 1 83.3919 87.7680 0 0
4096 1 84.9350 89.4773 0 0
8192 1 666.8153 684.3277 0 0
8192 1 677.7757 695.2787 0 0
8192 1 674.1226 691.6476 0 0
